3
NEIGE01 531221.000000 5018237.000000 0.000000
NEIGE02 541539.000000 5018636.000000 0.000000
NEIGE03 565052.000000 5018834.000000 0.000000
1 0.074377 0.107905 0.817719 
2 0.088203 0.128239 0.783558 
3 0.082908 0.121529 0.795563 
4 0.072906 0.106788 0.820306 
5 0.082215 0.120562 0.797223 
6 0.083141 0.122030 0.794829 
7 0.084280 0.123714 0.792006 
8 0.090436 0.132729 0.776835 
9 0.085097 0.125038 0.789864 
10 0.085803 0.126142 0.788055 
11 0.075990 0.111950 0.812060 
12 0.085843 0.127038 0.787119 
13 0.081185 0.121184 0.797631 
14 0.084364 0.123966 0.791670 
15 0.083357 0.122518 0.794125 
16 0.083407 0.122479 0.794114 
17 0.093038 0.138513 0.768449 
18 0.095877 0.141658 0.762464 
19 0.100710 0.150450 0.748840 
20 0.103767 0.155129 0.741104 
21 0.101244 0.151932 0.746824 
22 0.105930 0.157828 0.736242 
23 0.106871 0.158999 0.734129 
24 0.105477 0.157840 0.736683 
25 0.107136 0.160587 0.732277 
26 0.102510 0.154595 0.742894 
27 0.109392 0.163375 0.727233 
28 0.109535 0.163336 0.727129 
29 0.109122 0.163436 0.727442 
30 0.111152 0.166569 0.722280 
31 0.110790 0.167863 0.721347 
32 0.113138 0.169286 0.717576 
33 0.109839 0.162889 0.727272 
34 0.112925 0.169773 0.717302 
35 0.115157 0.173455 0.711388 
36 0.113720 0.171910 0.714371 
37 0.115095 0.172701 0.712204 
38 0.117596 0.177398 0.705007 
39 0.118745 0.178505 0.702750 
40 0.119464 0.180784 0.699752 
41 0.124705 0.189379 0.685916 
42 0.118801 0.181216 0.699982 
43 0.124350 0.187333 0.688316 
44 0.122985 0.184717 0.692298 
45 0.127640 0.192799 0.679560 
46 0.128761 0.194359 0.676881 
47 0.130706 0.197950 0.671344 
48 0.131447 0.199158 0.669395 
49 0.128262 0.196253 0.675485 
50 0.132757 0.201171 0.666072 
51 0.132599 0.200569 0.666833 
52 0.133796 0.202798 0.663406 
53 0.134055 0.203148 0.662797 
54 0.132364 0.201439 0.666197 
55 0.133814 0.203645 0.662541 
56 0.132189 0.203023 0.664788 
57 0.134630 0.204902 0.660468 
58 0.135343 0.207374 0.657284 
59 0.134448 0.206122 0.659430 
60 0.136273 0.206747 0.656980 
61 0.136438 0.206697 0.656865 
62 0.137406 0.209207 0.653387 
63 0.138786 0.211493 0.649721 
64 0.138475 0.213416 0.648110 
65 0.139780 0.212590 0.647630 
66 0.139118 0.211156 0.649726 
67 0.143736 0.219372 0.636892 
68 0.146358 0.222751 0.630891 
69 0.150969 0.230996 0.618035 
70 0.147546 0.228849 0.623605 
71 0.154139 0.236409 0.609452 
72 0.154608 0.236491 0.608901 
73 0.157022 0.241468 0.601510 
74 0.157706 0.242664 0.599630 
75 0.154597 0.240830 0.604573 
76 0.158393 0.243937 0.597670 
77 0.159352 0.245226 0.595422 
78 0.157581 0.244110 0.598309 
79 0.159335 0.247428 0.593237 
80 0.158459 0.248935 0.592606 
81 0.160400 0.248213 0.591387 
82 0.160652 0.248226 0.591122 
83 0.161247 0.250821 0.587931 
84 0.166251 0.261236 0.572513 
85 0.162801 0.256691 0.580508 
86 0.162275 0.251268 0.586457 
87 0.168787 0.263390 0.567823 
88 0.166473 0.257147 0.576380 
89 0.171912 0.268030 0.560057 
90 0.172956 0.269576 0.557467 
91 0.171870 0.269271 0.558858 
92 0.173359 0.271704 0.554937 
93 0.174345 0.277768 0.547887 
94 0.181546 0.289185 0.529269 
95 0.182896 0.294780 0.522324 
96 0.184277 0.297680 0.518043 
97 0.176132 0.283747 0.540121 
98 0.181720 0.294735 0.523545 
99 0.164404 0.262813 0.572783 
100 0.168273 0.272049 0.559678 
101 0.189236 0.333785 0.476980 
102 0.181487 0.303974 0.514538 
103 0.184619 0.302262 0.513119 
104 0.186639 0.307794 0.505567 
105 0.190052 0.314667 0.495281 
106 0.191364 0.319890 0.488746 
107 0.192606 0.321686 0.485708 
108 0.215231 0.412380 0.372389 
109 0.187464 0.312521 0.500015 
110 0.190120 0.318088 0.491792 
111 0.192207 0.326591 0.481202 
112 0.194436 0.330801 0.474763 
113 0.194114 0.333926 0.471960 
114 0.196778 0.340519 0.462704 
115 0.200314 0.355933 0.443753 
116 0.202626 0.362338 0.435036 
117 0.205096 0.373035 0.421869 
118 0.206176 0.376209 0.417616 
119 0.207364 0.381440 0.411196 
120 0.209004 0.386770 0.404226 
121 0.208207 0.385671 0.406122 
122 0.209340 0.389349 0.401310 
123 0.209705 0.391961 0.398334 
124 0.210419 0.393692 0.395889 
125 0.211105 0.395545 0.393350 
126 0.212040 0.401466 0.386493 
127 0.213063 0.405119 0.381818 
128 0.213899 0.410067 0.376034 
129 0.212744 0.402957 0.384299 
130 0.212380 0.400953 0.386667 
131 0.214888 0.413380 0.371732 
132 0.216762 0.420778 0.362460 
133 0.216593 0.422537 0.360869 
134 0.217181 0.425515 0.357304 
135 0.215369 0.417158 0.367473 
136 0.216884 0.424982 0.358134 
137 0.216546 0.423449 0.360004 
138 0.217879 0.430203 0.351918 
139 0.218998 0.436337 0.344665 
140 0.219388 0.440084 0.340528 
141 0.220046 0.443850 0.336104 
142 0.219987 0.444543 0.335470 
143 0.220389 0.447519 0.332091 
144 0.220545 0.447671 0.331784 
145 0.221228 0.454567 0.324205 
146 0.221084 0.452772 0.326144 
147 0.222299 0.465045 0.312656 
148 0.223330 0.482067 0.294603 
149 0.222926 0.471918 0.305156 
150 0.223682 0.483814 0.292504 
151 0.224705 0.476152 0.299143 
152 0.224029 0.498547 0.277424 
153 0.223533 0.512570 0.263897 
154 0.224331 0.516680 0.258990 
155 0.223549 0.527929 0.248522 
156 0.225113 0.509739 0.265148 
157 0.225257 0.517701 0.257043 
158 0.231067 0.506790 0.262144 
159 0.224646 0.524281 0.251074 
160 0.224254 0.526870 0.248876 
161 0.225038 0.527017 0.247946 
162 0.224349 0.532188 0.243462 
163 0.228671 0.543711 0.227618 
164 0.228359 0.568120 0.203521 
165 0.215684 0.584584 0.199732 
166 0.213809 0.614596 0.171595 
167 0.206707 0.631241 0.162052 
168 0.209687 0.630464 0.159850 
169 0.207841 0.637054 0.155106 
170 0.228035 0.607049 0.164916 
171 0.220038 0.630407 0.149555 
172 0.257987 0.584489 0.157524 
173 0.240762 0.616438 0.142800 
174 0.253361 0.616953 0.129686 
175 0.242477 0.587258 0.170265 
176 0.251308 0.565231 0.183461 
177 0.242128 0.578713 0.179159 
178 0.237710 0.570488 0.191802 
179 0.231114 0.588455 0.180431 
180 0.242832 0.572549 0.184618 
181 0.194707 0.683756 0.121537 
182 0.173884 0.718627 0.107489 
183 0.163500 0.753193 0.083307 
184 0.158678 0.740402 0.100920 
185 0.165413 0.722011 0.112575 
186 0.065708 0.901994 0.032299 
187 0.080567 0.878854 0.040579 
188 0.043600 0.936081 0.020318 
189 0.067425 0.903679 0.028896 
190 0.109113 0.838020 0.052867 
191 0.147919 0.802295 0.049786 
192 0.125405 0.822584 0.052011 
193 0.319215 0.598010 0.082775 
194 0.382061 0.524308 0.093631 
195 0.465393 0.448504 0.086103 
196 0.468443 0.444981 0.086576 
197 0.527802 0.395349 0.076848 
198 0.602461 0.319812 0.077727 
199 0.769039 0.181326 0.049635 
200 0.753110 0.192422 0.054467 
201 0.850387 0.116386 0.033227 
202 0.879217 0.093486 0.027297 
203 0.723368 0.222584 0.054048 
204 0.850370 0.115567 0.034063 
205 0.803740 0.151505 0.044755 
206 0.941974 0.044603 0.013423 
207 0.854736 0.108908 0.036356 
208 0.949218 0.039048 0.011734 
209 0.944331 0.042424 0.013245 
210 0.898906 0.077404 0.023690 
211 0.910665 0.068097 0.021238 
212 0.836791 0.125140 0.038068 
213 0.836509 0.124838 0.038653 
214 0.773337 0.172307 0.054357 
215 0.847527 0.115388 0.037085 
216 0.855618 0.108312 0.036071 
217 0.698107 0.224095 0.077798 
218 0.734048 0.197226 0.068726 
219 0.688298 0.229345 0.082357 
220 0.684086 0.227909 0.088004 
221 0.817299 0.136322 0.046379 
222 0.779009 0.163283 0.057708 
223 0.790630 0.154952 0.054419 
224 0.691846 0.221526 0.086628 
225 0.677197 0.230457 0.092347 
226 0.618900 0.265425 0.115675 
227 0.613844 0.268445 0.117710 
228 0.570685 0.291664 0.137652 
229 0.568318 0.293191 0.138491 
230 0.556234 0.298872 0.144894 
231 0.547884 0.302912 0.149204 
232 0.547657 0.302702 0.149642 
233 0.543956 0.304591 0.151453 
234 0.541042 0.305609 0.153349 
235 0.537173 0.307504 0.155322 
236 0.533348 0.309023 0.157629 
237 0.537041 0.307630 0.155329 
238 0.536250 0.308245 0.155505 
239 0.530764 0.310166 0.159070 
240 0.532605 0.309491 0.157904 
241 0.527696 0.311476 0.160827 
242 0.530654 0.310412 0.158934 
243 0.530218 0.310892 0.158890 
244 0.525612 0.312398 0.161990 
245 0.524050 0.313122 0.162827 
246 0.519900 0.314697 0.165402 
247 0.525193 0.312825 0.161982 
248 0.525647 0.312691 0.161662 
249 0.524522 0.313139 0.162338 
250 0.524354 0.313172 0.162473 
251 0.520017 0.314960 0.165023 
252 0.520806 0.315047 0.164147 
253 0.516536 0.316488 0.166976 
254 0.514682 0.317199 0.168119 
255 0.513312 0.317455 0.169234 
256 0.512591 0.317859 0.169550 
257 0.510217 0.318621 0.171162 
258 0.517774 0.315831 0.166395 
259 0.515889 0.316523 0.167588 
260 0.517735 0.315711 0.166555 
261 0.515760 0.316412 0.167829 
262 0.517474 0.315750 0.166776 
263 0.516005 0.316388 0.167607 
264 0.516243 0.316310 0.167447 
265 0.515040 0.316767 0.168193 
266 0.513778 0.317601 0.168622 
267 0.513651 0.317703 0.168646 
268 0.509497 0.319058 0.171445 
269 0.510302 0.318951 0.170747 
270 0.505665 0.320473 0.173861 
271 0.510075 0.319125 0.170800 
272 0.511282 0.318708 0.170010 
273 0.505468 0.320791 0.173741 
274 0.505637 0.320979 0.173384 
275 0.498855 0.323060 0.178085 
276 0.495709 0.324475 0.179816 
277 0.495997 0.323916 0.180088 
278 0.494106 0.324416 0.181478 
279 0.503550 0.320912 0.175537 
280 0.498488 0.322726 0.178786 
281 0.504773 0.320370 0.174857 
282 0.504280 0.320810 0.174910 
283 0.503786 0.320937 0.175277 
284 0.509883 0.318615 0.171501 
285 0.509165 0.318814 0.172021 
286 0.513711 0.317097 0.169191 
287 0.506688 0.319870 0.173442 
288 0.507462 0.319563 0.172975 
289 0.508862 0.319060 0.172078 
290 0.486885 0.326906 0.186209 
291 0.483129 0.328368 0.188502 
292 0.482385 0.328432 0.189183 
293 0.501801 0.322355 0.175844 
294 0.503410 0.321796 0.174794 
295 0.500687 0.323012 0.176301 
296 0.507654 0.320252 0.172094 
297 0.510289 0.319170 0.170541 
298 0.509541 0.319542 0.170917 
299 0.510853 0.319000 0.170147 
300 0.511489 0.318806 0.169705 
301 0.507367 0.320496 0.172137 
302 0.513137 0.318370 0.168493 
303 0.507860 0.320516 0.171624 
304 0.558506 0.297585 0.143909 
305 0.553562 0.299780 0.146658 
306 0.571155 0.291245 0.137600 
307 0.547758 0.303417 0.148825 
308 0.550700 0.302127 0.147172 
309 0.551332 0.302404 0.146263 
310 0.555491 0.300150 0.144358 
311 0.557182 0.299708 0.143110 
312 0.534435 0.309679 0.155886 
313 0.533731 0.310613 0.155656 
314 0.520500 0.316362 0.163138 
315 0.518625 0.317156 0.164219 
316 0.520147 0.315987 0.163866 
317 0.518355 0.317521 0.164124 
318 0.520981 0.316454 0.162565 
319 0.519749 0.317140 0.163111 
320 0.590858 0.281218 0.127924 
321 0.594804 0.279122 0.126075 
322 0.582364 0.286095 0.131541 
323 0.621256 0.264394 0.114350 
324 0.634188 0.257133 0.108680 
325 0.608498 0.271826 0.119676 
326 0.604032 0.274517 0.121451 
327 0.599996 0.276473 0.123530 
328 0.608447 0.272242 0.119311 
329 0.617100 0.267190 0.115711 
330 0.614241 0.269331 0.116429 
331 0.621918 0.264744 0.113338 
332 0.615296 0.268888 0.115816 
333 0.608170 0.272722 0.119107 
334 0.611476 0.270939 0.117585 
335 0.606246 0.273940 0.119814 
336 0.606705 0.273775 0.119521 
337 0.602033 0.276057 0.121911 
338 0.600056 0.277344 0.122600 
339 0.593841 0.280472 0.125687 
340 0.586820 0.284488 0.128692 
341 0.584639 0.285325 0.130036 
342 0.594998 0.280092 0.124911 
343 0.594986 0.280222 0.124792 
344 0.589492 0.283186 0.127322 
345 0.600362 0.277348 0.122290 
346 0.601917 0.276654 0.121429 
347 0.595980 0.279939 0.124082 
348 0.606877 0.274048 0.119075 
349 0.612259 0.270786 0.116955 
350 0.613086 0.270673 0.116242 
351 0.674664 0.232132 0.093203 
352 0.718620 0.203708 0.077672 
353 0.642814 0.253313 0.103873 
354 0.785581 0.158227 0.056192 
355 0.803774 0.145548 0.050678 
356 0.753004 0.181124 0.065872 
357 0.748607 0.183961 0.067432 
358 0.735352 0.193553 0.071095 
359 0.767418 0.171316 0.061265 
360 0.716515 0.206863 0.076622 
361 0.708095 0.213056 0.078849 
362 0.637293 0.258369 0.104337 
363 0.626293 0.266209 0.107498 
364 0.629280 0.263152 0.107568 
365 0.617558 0.270524 0.111918 
366 0.625453 0.266238 0.108308 
367 0.634878 0.258849 0.106273 
368 0.627783 0.265592 0.106625 
369 0.617185 0.270476 0.112339 
370 0.613814 0.271858 0.114328 
371 0.604442 0.277621 0.117937 
372 0.611049 0.272478 0.116473 
373 0.603724 0.276963 0.119313 
374 0.594917 0.281411 0.123672 
375 0.598709 0.278931 0.122360 
376 0.589437 0.284605 0.125958 
377 0.595053 0.280832 0.124115 
378 0.589795 0.283727 0.126477 
379 0.587619 0.284506 0.127875 
380 0.591135 0.284217 0.124648 
381 0.590303 0.285329 0.124368 
382 0.556179 0.301977 0.141845 
383 0.560795 0.299941 0.139264 
384 0.542656 0.307758 0.149586 
385 0.575434 0.291707 0.132859 
386 0.579454 0.290168 0.130377 
387 0.564557 0.297248 0.138194 
388 0.565226 0.296283 0.138491 
389 0.560550 0.298585 0.140865 
390 0.565621 0.295262 0.139116 
391 0.578530 0.289502 0.131968 
392 0.571182 0.293328 0.135490 
393 0.574063 0.291033 0.134904 
394 0.582899 0.287836 0.129265 
395 0.579298 0.289692 0.131010 
396 0.582787 0.287509 0.129704 
397 0.703658 0.214147 0.082195 
398 0.693435 0.221542 0.085023 
399 0.653734 0.246925 0.099341 
400 0.729361 0.214684 0.055954 
401 0.628435 0.292989 0.078575 
402 0.601705 0.319548 0.078748 
403 0.785669 0.159855 0.054476 
404 0.747523 0.188892 0.063586 
405 0.663784 0.245095 0.091120 
406 0.738074 0.200840 0.061086 
407 0.676777 0.251350 0.071872 
408 0.666420 0.249983 0.083598 
409 0.555089 0.359610 0.085301 
410 0.505387 0.402008 0.092604 
411 0.562292 0.344532 0.093175 
412 0.298390 0.623401 0.078210 
413 0.358498 0.559330 0.082172 
414 0.357366 0.554196 0.088438 
415 0.331546 0.584363 0.084092 
416 0.471788 0.444463 0.083749 
417 0.251880 0.669843 0.078277 
418 0.296689 0.616696 0.086615 
419 0.203712 0.723179 0.073109 
420 0.248598 0.671193 0.080209 
421 0.243002 0.672239 0.084758 
422 0.291620 0.616546 0.091834 
423 0.114880 0.822833 0.062287 
424 0.114047 0.823279 0.062674 
425 0.141947 0.775078 0.082975 
426 0.222515 0.537311 0.240173 
427 0.218673 0.562993 0.218334 
428 0.222246 0.538624 0.239130 
429 0.222454 0.466217 0.311329 
430 0.222086 0.461781 0.316133 
431 0.222762 0.469412 0.307826 
432 0.222855 0.467799 0.309346 
433 0.201682 0.625057 0.173261 
434 0.223994 0.496769 0.279237 
435 0.222563 0.536074 0.241363 
436 0.223429 0.475992 0.300578 
437 0.223232 0.472320 0.304447 
438 0.221480 0.553397 0.225123 
439 0.222579 0.463486 0.313935 
440 0.221607 0.455921 0.322472 
441 0.222822 0.463378 0.313799 
442 0.218260 0.432997 0.348743 
443 0.219204 0.439150 0.341645 
444 0.219258 0.439329 0.341413 
445 0.220214 0.441791 0.337996 
446 0.219416 0.434910 0.345674 
447 0.221974 0.451535 0.326491 
448 0.214148 0.406773 0.379079 
449 0.212183 0.398886 0.388931 
450 0.214111 0.405414 0.380475 
451 0.216782 0.422407 0.360811 
452 0.205868 0.377239 0.416893 
453 0.210266 0.395366 0.394368 
454 0.197054 0.350009 0.452937 
455 0.198647 0.354902 0.446451 
456 0.202246 0.366269 0.431485 
457 0.191921 0.334060 0.474019 
458 0.195113 0.341728 0.463159 
459 0.196823 0.348701 0.454476 
460 0.198324 0.343246 0.458430 
461 0.199050 0.344501 0.456449 
462 0.207390 0.376421 0.416189 
463 0.188651 0.319963 0.491386 
464 0.190304 0.321294 0.488402 
465 0.190862 0.323830 0.485308 
466 0.197852 0.330225 0.471924 
467 0.194743 0.321535 0.483721 
468 0.202182 0.336850 0.460968 
469 0.183824 0.298799 0.517377 
470 0.191127 0.313016 0.495857 
471 0.185931 0.303615 0.510454 
472 0.199193 0.328886 0.471921 
473 0.200021 0.327479 0.472500 
474 0.225971 0.456431 0.317599 
475 0.178802 0.281614 0.539584 
476 0.177631 0.278545 0.543823 
477 0.182278 0.285283 0.532438 
478 0.176856 0.276272 0.546872 
479 0.175927 0.273960 0.550114 
480 0.186804 0.290073 0.523123 
481 0.175221 0.272462 0.552317 
482 0.173344 0.268910 0.557746 
483 0.171727 0.264470 0.563803 
484 0.162371 0.249961 0.587667 
485 0.160629 0.246770 0.592601 
486 0.152730 0.231491 0.615779 
487 0.141922 0.215194 0.642884 
488 0.139759 0.211690 0.648551 
489 0.144045 0.217250 0.638704 
490 0.139744 0.209427 0.650829 
491 0.126843 0.189398 0.683759 
492 0.135149 0.201984 0.662868 
493 0.118865 0.178257 0.702878 
494 0.115787 0.173476 0.710737 
495 0.117322 0.175460 0.707218 
